0.00012500 4.00012500 2
4.00025000 9.33650000 1
9.33662500 15.60762500 2
15.60775000 20.30875000 1
20.30887500 25.00037500 2
25.00050000 30.78425000 1
30.78437500 34.05962500 2
34.05975000 38.69025000 1
38.69037500 43.81575000 2
43.81587500 49.93112500 1
49.93125000 53.54587500 2
53.54600000 58.37575000 1
58.37587500 63.92675000 2
63.92687500 68.08312500 1
68.08325000 72.10237500 2
72.10250000 76.48037500 1
76.48050000 81.88912500 2
81.88925000 86.73900000 1
86.73912500 91.02900000 2
91.02912500 94.73262500 1
94.73275000 99.09725000 2
99.09737500 103.06875000 1
103.06887500 106.82350000 2
106.82362500 112.55712500 1
112.55725000 118.14775000 2
118.14787500 121.98362500 1
121.98375000 127.41300000 2
127.41312500 133.49425000 1
133.49437500 139.86212500 2
139.86225000 145.19125000 1
145.19137500 149.46362500 2
149.46375000 154.38162500 1
154.38175000 159.55725000 2
159.55737500 163.43212500 1
163.43225000 168.05062500 2
168.05075000 173.56237500 1
173.56250000 177.33062500 2
177.33075000 182.43237500 1
182.43250000 187.00637500 2
187.00650000 191.39737500 1
